L: 12
D: 2
nb_part: 144
dt: 4e-05
m_part: 39.95
nb_pas: 6000000
sig: 0.34
eps: 0.9381537999999999
cutoff: 1.088
rayon: 0.1
save_interval: 30000
pressure_calc_interval: 600000
Kb: 0.007831
