L: 20
D: 2
nb_part: 300
dt: 0.0001
m_part: 39.95
nb_pas: 5000000
sig: 0.34
eps: 0.9381537999999999
cutoff: 1.088
rayon: 0.1
save_interval: 10000
pressure_calc_interval: 100000
Kb: 0.007831
