L: 50
D: 2
nb_part: 1600
dt: 5e-05
m_part: 39.95
nb_pas: 500000
sig: 0.34
eps: 0.9381537999999999
cutoff: 1.088
rayon: 0.1
save_interval: 1000
pressure_calc_interval: 100000
Kb: 0.007831
